14 8 8
0 0 0   2 0 0   1.5 0.5 0   3 2 0   2 3 0   0.5 1.5 0   0 2 0
0 0 2   2 0 2   1.5 0.5 2   3 2 2   2 3 2   0.5 1.5 2   0 2 2
-1 0 0   -0.707 0.707 0   0.707 0.707 0
1 0 0   0 -1 0   0 0 1   0 0 -1 -1 0 0
4   0 7 8 1   0 0 0 0 
4   1 8 9 2   1 1 1 1 
4   2 9 10 3  2 2 2 2
4   3 10 11 4  3 3 3 3 
4   4 11 12 5  4 4 4 4 
4   5 12 13 6  5 5 5 5  
4   6 13 7 0   6 6 6 6  
 






10 7 7 <- # vertices, # normals, # faces

0 0 0   1 0 0   1 1 0   0.5 1.5 0   0 1 0 <- vertices
0 0 1   1 0 1   1 1 1   0.5 1.5 1   0 1 1 <-

-1 0 0   -0.707 0.707 0   0.707 0.707 0 <- normals
1 0 0   0 -1 0   0 0 1   0 0 -1         <-

4   0 5 9 4    0 0 0 0 		<- Face 0
4   3 4 9 8    1 1 1 1 		<- Face 1
4   2 3 8 7    2 2 2 2		<- Face 2
4   1 2 7 6    3 3 3 3 		<- Face 3
4   0 1 6 5    4 4 4 4 		<- Face 4
5   5 6 7 8 9    5 5 5 5 5 	<- Face 5
5   0 4 3 2 1    6 6 6 6 6 <- vertices, associated normal



14 8 8
0 0 0   2 0 0   1.5 0.5 0   3 2 0   2 3 0   0.5 1.5 0   0 2 0
0 0 2   2 0 2   1.5 0.5 2   3 2 2   2 3 2   0.5 1.5 2   0 2 2
-1 0 0   -0.707 0.707 0   0.707 0.707 0
1 0 0   0 -1 0   0 0 1   0 0 -1 -1 0 0
4   0 7 8 1   0 0 0 0 
4   1 8 9 2   1 1 1 1 
4   2 9 10 3  2 2 2 2
4   3 10 11 4  3 3 3 3 
4   4 11 12 5  4 4 4 4 
4   5 12 13 6  5 5 5 5  
4   6 13 7 0   6 6 6 6  